24
67
89
15
32
56
78
44
99
12
36
57
63
88
90
11
22
64
70
38
47
21
65
59
30
52
79
81
18
68
33
73
41
61
51
48
40
16
49
82
25
29
26
72
55
74
14
46
35
53
356
-590
228
-518
40
-185
646
674
875
668
-33
-122
-713
-619
-538
-612
553
-148
-900
-813
933
187
92
-130
98
942
-515
-139
412
-955
830
534
-229
642
480
568
-10
537
-40
779
894
-989
-585
-595
-267
-671
-979
-326
-365
190
-472
-16
-752
990
718
229
273
814
631
144
-455
-933
949
-823
971
-990
406
-929
436
-294
299
720
-985
170
165
-67
-500
-737
227
-496
-987
1
725
113
-355
331
-691
897
-289
-540
-326
862
-846
6
250
92
-610
359
-115
493
